; File: BNDK.PAR
; BOND STRETCHING DEFAULT PARAMETERS
; 
; Default parameters are taken to be analogous to that in MMFF94
;
;	Elem1	Elem2	r0	kb
	1	6	 1.084	741.252
	1	7	 1.001  1057.904
	1	8	 0.947  1309.786
	1	9	 0.920  1525.684
	1	14	 1.480	331.045
	1	15	 1.415	424.601
	1	16	 1.326	618.910
	1	17	 1.280	618.910
	1	35	 1.410	604.516
	1	53	 1.600	388.618
	6	6	 1.512	546.943
	6	7	 1.439	654.893
	6	8	 1.393	777.235
	6	9	 1.353	892.381
	6	14	 1.860	374.224
	6	15	 1.840	388.618
	6	16	 1.812	410.208
	6	17	 1.781	395.814
	6	35	 1.940	374.224
	6	53	 2.160	201.505
	7	7	 1.283	863.595
	7	8	 1.333	849.202
	7	9	 1.360	849.202
	7	14	 1.740	532.550
	7	15	 1.650	690.876
	7	16	 1.674	539.747
	7	17	 1.750	503.764
	7	35	 1.900	417.404
	7	53	 2.100	230.292
	8	8	 1.480	518.157
	8	9	 1.420	662.089
	8	14	 1.630	748.449
	8	15	 1.660	676.483
	8	16	 1.470  1424.932
	8	17	 1.700	590.123
	8	35	 1.850	489.370
	8	53	 2.050	230.292
	9	14	 1.570	921.168
	9	15	 1.540  1021.921
	9	16	 1.550	993.134
	14	14	 2.320	187.112
	14	15	 2.250	215.899
	14	16	 2.150	287.865
	14	17	 2.020	446.191
	14	35	 2.190	302.258
	14	53	 2.440	215.899
	15	15	 2.210	244.685
	15	16	 2.100	345.438
	15	17	 2.030	431.797
	15	35	 2.210	287.865
	15	53	 2.470	201.505
	16	16	 2.052	359.831
	16	17	 2.040	417.404
	16	35	 2.240	273.472
	16	53	 2.400	244.685
	17	17	 1.990	503.764
	35	35	 2.280	345.438
	53	53	 2.670	230.292
