; File: DFSB.PAR
;
; Default parameters are taken to be analogous to that in MMFF94
; 
;     Row in 
;  Periodic Table         
;   IR	JR	KR	kbaIJK	kbaKJI
    0    1    0     0.377   0.377
    0    1    1     0.251   0.754
    0    1    2     0.126   0.879
    0    1    3     0.126   0.879
    0    1    4     0.126   0.879
    0    2    0     0.000   0.000
    0    2    1     0.000   0.377
    0    2    2     0.000   0.377
    0    2    3     0.000   0.377
    0    2    4     0.000   0.377
    1    1    1     0.754   0.754
    1    1    2     0.754   1.256
    1    1    3     0.754   1.256
    1    1    4     0.754   1.256
    2    1    2     1.256   1.256
    2    1    3     1.256   1.256
    2    1    4     1.256   1.256
    3    1    3     1.256   1.256
    3    1    4     1.256   1.256
    4    1    4     1.256   1.256
    1    2    1     0.754   0.754
    1    2    2     0.628   0.628
    1    2    3     0.628   0.628
    1    2    4     0.628   0.628
    2    2    2     0.628   0.628
    2    2    3     0.628   0.628
    2    2    4     0.628   0.628
    3    2    3     0.628   0.628
    3    2    4     0.628   0.628
    4    2    4     0.628   0.628